11111111111111111111111111111111111111111111111111111111111111111111111111111111
11000000000000000000000000000000000000000000000000000000000000000000000000000011
11000000000000000000000000000000000000000000000000000000000000000000000000000011
11000000000000000000000000000000000000000000000000000000000000000000000000000011
11000000002000000000000000000000000000020000000000000000000000000000002000000011
11000000000000000000000000000000000000000000000000000000000000000000000000000011
11000000000000000000000000000000000000000000000000000000000000000000000000000011
11000000000000000000000000000000000000000000000000000000000000000000000000000011
11000000000000000000111111111111111111111111111111111111111000000000000000000011
11000000000000000000112100000000000000000000000000000000211000000000000000000011
11000000000000000000110100000000000000000000111111111111111000000000000000000011
11000000000000000000110100000000000000000000000000000000011000000000000000000011
11000000000000000000110100000001111110000111111111111100011000000000000000000011
11000000000000000000110100000000000010000000000000000100011000000000000000000011
11000000000000000000110111111111000011111100000000000102011000000000000000000011
11000000000000000000110000100000000010000100000000111111111000000000000000000011
11000000000000000000000000000000000010020100000000000000000000000000000000000011
11000000000000000000110000000000000010000000000000111111111000000000000000000011
11000000000000000000111111100000000011111111000000100001211000000000000000000011
11000000000000000000110210100000000000000000000000000001011000000000000000000011
11000000000000000000110010100000000000000000000000000001011000000000000000000011
11000000000000000000110010100011111111111111111000011111011000000000000000000011
11000000000000000000110000000000000000211200000000000000011000000000000000000011
11000000000000000000110000000000000000011000000000000000011000000000000000000011
11111111111111111111111111111111111111111111111111111111111111111111111111111111